getgenv().Config = {
	Main = {

		Weapon = "Melee",
		FastAttack = true,
		BringMonster = true,
		AutoHaki = true,
		Code = true,

		AutoFarm = true,
		AutoFarmFast = true,

		PointStats = 1,
		Select_Stats = nil, 
	},
}

W1 = false
W2 = false
W3 = false
if game.PlaceId == 2753915549 then
	W1 = true
elseif game.PlaceId == 4442272183 then
	W2 = true
elseif game.PlaceId == 7449423635 then
	W3 = true
end

function CheckQuest()
	local MyLevel = game:GetService("Players").LocalPlayer.Data.Level.Value
	if game.PlaceId == 2753915549 then
		if MyLevel == 1 or MyLevel <= 9 then -- Bandit
			Mon = "Bandit [Lv. 5]"
			NameQuest = "BanditQuest1"
			LevelQuest = 1
			NameMon = "Bandit"
			CFrameQuest = CFrame.new(1061.66699, 16.5166187, 1544.52905, -0.942978859, -3.33851502e-09, 0.332852632, 7.04340497e-09, 1, 2.99841325e-08, -0.332852632, 3.06188177e-08, -0.942978859)
			CFrameMon = CFrame.new(1057.55151, 27.1278248, 1564.76013, -0.16377756, -1.13282092e-10, -0.986497283, 3.48445752e-08, 1, -5.89970339e-09, 0.986497283, -3.53403173e-08, -0.16377756)
			if _G.AutoFarm and _G.AutoFarmFast == false and (CFrameQuest.Position - game.Players.LocalPlayer.Character.HumanoidRootPart.Position).Magnitude > 1200 then
				Bypass(CFrameQuest)
			end
		elseif MyLevel == 10 or MyLevel <= 14 then -- Bandit
			Mon = "Monkey [Lv. 14]"
			NameQuest = "JungleQuest"
			LevelQuest = 1
			NameMon = "Monkey"
			CFrameQuest = CFrame.new(-1604.12012, 36.8521118, 154.23732, 0.0648873374, -4.70858913e-06, -0.997892559, 1.41431883e-07, 1, -4.70933674e-06, 0.997892559, 1.64442184e-07, 0.0648873374)
			CFrameMon = CFrame.new(-1449.94617, 67.9777908, 12.3050404, -0.643440843, 2.02988506e-08, 0.765495837, 2.12389017e-09, 1, -2.4732012e-08, -0.765495837, -1.42877576e-08, -0.643440843)
			if _G.AutoFarm and _G.AutoFarmFast == false and (CFrameQuest.Position - game.Players.LocalPlayer.Character.HumanoidRootPart.Position).Magnitude > 1200 then
				Bypass(CFrameQuest)
			end
		elseif MyLevel == 15 or MyLevel <= 29 then -- Gorilla
			Mon = "Gorilla [Lv. 20]"
			NameQuest = "JungleQuest"
			LevelQuest = 2
			NameMon = "Gorilla"
			CFrameQuest = CFrame.new(-1604.12012, 36.8521118, 154.23732, 0.0648873374, -4.70858913e-06, -0.997892559, 1.41431883e-07, 1, -4.70933674e-06, 0.997892559, 1.64442184e-07, 0.0648873374)
			CFrameMon = CFrame.new(-1142.0293, 40.5877495, -516.118103, 0.55559355, 7.58965513e-08, 0.831454039, 1.24594361e-08, 1, -9.96073553e-08, -0.831454039, 6.57006538e-08, 0.55559355)
			if _G.AutoFarm and _G.AutoFarmFast == false and (CFrameQuest.Position - game.Players.LocalPlayer.Character.HumanoidRootPart.Position).Magnitude > 1200 then
				Bypass(CFrameQuest)
			end
		elseif MyLevel == 30 or MyLevel <= 39 then -- Pirat
			Mon = "Pirate [Lv. 35]"
			NameQuest = "BuggyQuest1"
			LevelQuest = 1
			NameMon = "Pirate"
			CFrameQuest = CFrame.new(-1139.59717, 4.75205183, 3825.16211, -0.959730506, -7.5857054e-09, 0.280922383, -4.06310328e-08, 1, -1.11807175e-07, -0.280922383, -1.18718916e-07, -0.959730506)
			CFrameMon = CFrame.new(-1151.29663, 44.207077, 3873.34937, -0.879714787, 3.81559784e-10, 0.475501686, -2.18363772e-09, 1, -4.84233453e-09, -0.475501686, -5.29819655e-09, -0.879714787)
			if _G.AutoFarm and _G.AutoFarmFast == false and (CFrameQuest.Position - game.Players.LocalPlayer.Character.HumanoidRootPart.Position).Magnitude > 1200 then
				Bypass(CFrameQuest)
			end
		elseif MyLevel == 40 or MyLevel <= 59 then -- Brute
			Mon = "Brute [Lv. 45]"
			NameQuest = "BuggyQuest1"
			LevelQuest = 2
			NameMon = "Brute"
			CFrameQuest = CFrame.new(-1139.59717, 4.75205183, 3825.16211, -0.959730506, -7.5857054e-09, 0.280922383, -4.06310328e-08, 1, -1.11807175e-07, -0.280922383, -1.18718916e-07, -0.959730506)
			CFrameMon = CFrame.new(-1131.66699, 14.3651161, 4191.79199, -0.968309462, -1.36864942e-09, 0.24975352, -9.80991288e-09, 1, -3.25536256e-08, -0.24975352, -3.3972043e-08, -0.968309462)
			if _G.AutoFarm and _G.AutoFarmFast == false and (CFrameQuest.Position - game.Players.LocalPlayer.Character.HumanoidRootPart.Position).Magnitude > 1200 then
				Bypass(CFrameQuest)
			end
		elseif MyLevel == 60 or MyLevel <= 74 then -- Desert Bandit
			Mon = "Desert Bandit [Lv. 60]"
			NameQuest = "DesertQuest"
			LevelQuest = 1
			NameMon = "Desert Bandit"
			CFrameQuest = CFrame.new(897.031128, 6.43846416, 4388.97168, -0.804044724, 3.68233266e-08, 0.594568789, 6.97835176e-08, 1, 3.24365246e-08, -0.594568789, 6.75715199e-08, -0.804044724)
			CFrameMon = CFrame.new(1054.79053, 52.5889473, 4490.35693, 0.280815929, -6.18912255e-09, 0.95976162, 4.50181625e-09, 1, 5.13142062e-09, -0.95976162, 2.87968605e-09, 0.280815929)
			if _G.AutoFarm and _G.AutoFarmFast == false and (CFrameQuest.Position - game.Players.LocalPlayer.Character.HumanoidRootPart.Position).Magnitude > 1200 then
				Bypass(CFrameQuest)
			end
		elseif MyLevel == 75 or MyLevel <= 89 then -- Desert Officre
			Mon = "Desert Officer [Lv. 70]"
			NameQuest = "DesertQuest"
			LevelQuest = 2
			NameMon = "Desert Officer"
			CFrameQuest = CFrame.new(897.031128, 6.43846416, 4388.97168, -0.804044724, 3.68233266e-08, 0.594568789, 6.97835176e-08, 1, 3.24365246e-08, -0.594568789, 6.75715199e-08, -0.804044724)
			CFrameMon = CFrame.new(1658.0708, 10.0252256, 4452.83154, 0.826960921, -2.71145932e-08, 0.562259436, -9.74775904e-09, 1, 6.25611705e-08, -0.562259436, -5.72164147e-08, 0.826960921)
			if _G.AutoFarm and _G.AutoFarmFast == false and (CFrameQuest.Position - game.Players.LocalPlayer.Character.HumanoidRootPart.Position).Magnitude > 1200 then
				Bypass(CFrameQuest)
			end
		elseif MyLevel == 90 or MyLevel <= 99 then -- Snow Bandits
			Mon = "Snow Bandit [Lv. 90]"
			NameQuest = "SnowQuest"
			LevelQuest = 1
			NameMon = "Snow Bandits"
			CFrameQuest = CFrame.new(1384.14001, 87.272789, -1297.06482, 0.348555952, -2.53947841e-09, -0.937287986, 1.49860568e-08, 1, 2.86358204e-09, 0.937287986, -1.50443711e-08, 0.348555952)
			CFrameMon = CFrame.new(1381.81982, 88.3774796, -1395.56738, -0.0662302524, 5.15531262e-08, 0.997804344, 3.78975749e-08, 1, -4.91510797e-08, -0.997804344, 3.45590756e-08, -0.0662302524)
			if _G.AutoFarm and _G.AutoFarmFast == false and (CFrameQuest.Position - game.Players.LocalPlayer.Character.HumanoidRootPart.Position).Magnitude > 1200 then
				Bypass(CFrameQuest)
			end
		elseif MyLevel == 100 or MyLevel <= 119 then -- Snowman
			Mon = "Snowman [Lv. 100]"
			NameQuest = "SnowQuest"
			LevelQuest = 2
			NameMon = "Snowman"
			CFrameQuest = CFrame.new(1384.14001, 87.272789, -1297.06482, 0.348555952, -2.53947841e-09, -0.937287986, 1.49860568e-08, 1, 2.86358204e-09, 0.937287986, -1.50443711e-08, 0.348555952)
			CFrameMon = CFrame.new(1171.65784, 106.437271, -1514.53918, -0.726554573, 7.11920691e-08, -0.687108815, 6.82555807e-08, 1, 3.14370361e-08, 0.687108815, -2.40582896e-08, -0.726554573)
			if _G.AutoFarm and _G.AutoFarmFast == false and (CFrameQuest.Position - game.Players.LocalPlayer.Character.HumanoidRootPart.Position).Magnitude > 1200 then
				Bypass(CFrameQuest)
			end
		elseif MyLevel == 120 or MyLevel <= 149 then -- Chief Petty Officer
			Mon = "Chief Petty Officer [Lv. 120]"
			NameQuest = "MarineQuest2"
			LevelQuest = 1
			NameMon = "Chief Petty Officer"
			CFrameQuest = CFrame.new(-5035.0835, 28.6520386, 4325.29443, 0.0243340395, -7.08064647e-08, 0.999703884, -6.36926814e-08, 1, 7.23777944e-08, -0.999703884, -6.54350671e-08, 0.0243340395)
			CFrameMon = CFrame.new(-4908.62207, 51.0889473, 4296.17578, 0.851993144, 6.76871537e-08, -0.523552954, -6.00756422e-08, 1, 3.15213882e-08, 0.523552954, 4.59677496e-09, 0.851993144)
			if _G.AutoFarm and _G.AutoFarmFast == false and (CFrameQuest.Position - game.Players.LocalPlayer.Character.HumanoidRootPart.Position).Magnitude > 1200 then
				Bypass(CFrameQuest)
			end
		elseif MyLevel == 150 or MyLevel <= 174 then -- Sky Bandit
			Mon = "Sky Bandit [Lv. 150]"
			NameQuest = "SkyQuest"
			LevelQuest = 1
			NameMon = "Sky Bandit"
			CFrameQuest = CFrame.new(-4841.83447, 717.669617, -2623.96436, -0.875942111, 5.59710216e-08, -0.482416272, 3.04023082e-08, 1, 6.08195947e-08, 0.482416272, 3.86078725e-08, -0.875942111)
			CFrameMon = CFrame.new(-4971.60254, 364.723907, -2860.88965, -0.967084885, 8.0616207e-09, 0.254453957, 1.28277495e-08, 1, 1.7071466e-08, -0.254453957, 1.97736281e-08, -0.967084885)
			if _G.AutoFarm and _G.AutoFarmFast == false and (CFrameQuest.Position - game.Players.LocalPlayer.Character.HumanoidRootPart.Position).Magnitude > 1200 then
				Bypass(CFrameQuest)
			end
		elseif MyLevel == 175 or MyLevel <= 189 then -- Dark Master
			Mon = "Dark Master [Lv. 175]"
			NameQuest = "SkyQuest"
			LevelQuest = 2
			NameMon = "Dark Master"
			CFrameQuest = CFrame.new(-4841.83447, 717.669617, -2623.96436, -0.875942111, 5.59710216e-08, -0.482416272, 3.04023082e-08, 1, 6.08195947e-08, 0.482416272, 3.86078725e-08, -0.875942111)
			CFrameMon = CFrame.new(-5234.49463, 472.219452, -2260.2998, 0.0978341922, 4.7624173e-08, -0.99520272, 1.3983859e-07, 1, 6.16006801e-08, 0.99520272, -1.45194406e-07, 0.0978341922)
			if _G.AutoFarm and _G.AutoFarmFast == false and (CFrameQuest.Position - game.Players.LocalPlayer.Character.HumanoidRootPart.Position).Magnitude > 1200 then
				Bypass(CFrameQuest)
			end
		elseif MyLevel == 190 or MyLevel <= 209 then
			Mon = "Prisoner [Lv. 190]"
			NameQuest = "PrisonerQuest"
			LevelQuest = 1
			NameMon = "Prisoner"
			CFrameQuest = CFrame.new(5308.5595703125, 1.655185341835022, 475.2810363769531 )
			CFrameMon = CFrame.new(5282.37548828125, 15.651934623718262, 356.1692810058594)
			if _G.AutoFarm and _G.AutoFarmFast == false and (CFrameQuest.Position - game.Players.LocalPlayer.Character.HumanoidRootPart.Position).Magnitude > 1200 then
				Bypass(CFrameQuest)
			end
		elseif MyLevel == 210 or MyLevel <= 249 then
			Mon = "Dangerous Prisoner [Lv. 210]"
			NameQuest = "PrisonerQuest"
			LevelQuest = 2
			NameMon = "Dangerous Prisoner"
			CFrameQuest = CFrame.new(5308.5595703125, 1.655185341835022, 475.2810363769531 )
			CFrameMon = CFrame.new(5549.43359375, 15.635162353515625, 868.7542724609375)
			if _G.AutoFarm and _G.AutoFarmFast == false and (CFrameQuest.Position - game.Players.LocalPlayer.Character.HumanoidRootPart.Position).Magnitude > 1200 then
				Bypass(CFrameQuest)
			end
		elseif MyLevel == 250 or MyLevel <= 274 then -- Toga Warrior
			Mon = "Toga Warrior [Lv. 250]"
			NameQuest = "ColosseumQuest"
			LevelQuest = 1
			NameMon = "Toga Warrior"
			CFrameQuest = CFrame.new(-1576.11743, 7.38933945, -2983.30762, 0.576966345, 1.22114863e-09, 0.816767931, -3.58496594e-10, 1, -1.24185606e-09, -0.816767931, 4.2370063e-10, 0.576966345)
			CFrameMon = CFrame.new(-1716.77588, 105.825844, -2809.25977, -0.188207448, 2.83339467e-08, 0.982129276, 1.10813891e-08, 1, -2.67259583e-08, -0.982129276, 5.85333249e-09, -0.188207448)
			if _G.AutoFarm and _G.AutoFarmFast == false and (CFrameQuest.Position - game.Players.LocalPlayer.Character.HumanoidRootPart.Position).Magnitude > 1200 then
				Bypass(CFrameQuest)
			end
		elseif MyLevel == 275 or MyLevel <= 299 then -- Gladiato
			Mon = "Gladiator [Lv. 275]"
			NameQuest = "ColosseumQuest"
			LevelQuest = 2
			NameMon = "Gladiato"
			CFrameQuest = CFrame.new(-1576.11743, 7.38933945, -2983.30762, 0.576966345, 1.22114863e-09, 0.816767931, -3.58496594e-10, 1, -1.24185606e-09, -0.816767931, 4.2370063e-10, 0.576966345)
			CFrameMon = CFrame.new(-1440.1282958984375, 7.567874431610107, -3171.48388671875)
			if _G.AutoFarm and _G.AutoFarmFast == false and (CFrameQuest.Position - game.Players.LocalPlayer.Character.HumanoidRootPart.Position).Magnitude > 1200 then
				Bypass(CFrameQuest)
			end
		elseif MyLevel == 300 or MyLevel <= 324 then -- Military Soldier
			Mon = "Military Soldier [Lv. 300]"
			NameQuest = "MagmaQuest"
			LevelQuest = 1
			NameMon = "Military Soldier"
			CFrameQuest = CFrame.new(-5316.55859, 12.2370615, 8517.2998, 0.588437557, -1.37880001e-08, -0.808542669, -2.10116209e-08, 1, -3.23446478e-08, 0.808542669, 3.60215964e-08, 0.588437557)
			CFrameMon = CFrame.new(-5334.42627, 50.9436913, 8647.35156, -0.54487282, 0, 0.838518679, 0, 1, 0, -0.838518679, 0, -0.54487282)
			if _G.AutoFarm and _G.AutoFarmFast == false and (CFrameQuest.Position - game.Players.LocalPlayer.Character.HumanoidRootPart.Position).Magnitude > 1200 then
				Bypass(CFrameQuest)
			end
		elseif MyLevel == 325 or MyLevel <= 374 then -- Military Spy
			Mon = "Military Spy [Lv. 325]"
			NameQuest = "MagmaQuest"
			LevelQuest = 2
			NameMon = "Military Spy"
			CFrameQuest = CFrame.new(-5316.55859, 12.2370615, 8517.2998, 0.588437557, -1.37880001e-08, -0.808542669, -2.10116209e-08, 1, -3.23446478e-08, 0.808542669, 3.60215964e-08, 0.588437557)
			CFrameMon = CFrame.new(-5772.66113, 81.4496155, 8722.71973, 0.0485868454, 5.5336308e-08, 0.998818934, 6.85331543e-08, 1, -5.8735484e-08, -0.998818934, 7.13059833e-08, 0.0485868454)
			if _G.AutoFarm and _G.AutoFarmFast == false and (CFrameQuest.Position - game.Players.LocalPlayer.Character.HumanoidRootPart.Position).Magnitude > 1200 then
				Bypass(CFrameQuest)
			end
		elseif MyLevel == 375 or MyLevel <= 399 then -- Fishman Warrior
			FM = true
			Mon = "Fishman Warrior [Lv. 375]"
			NameQuest = "FishmanQuest"
			LevelQuest = 1
			NameMon = "Fishman Warrior"
			CFrameQuest = CFrame.new(61122.5625, 18.4716396, 1568.16504, 0.893533468, 3.95251609e-09, 0.448996574, -2.34327455e-08, 1, 3.78297464e-08, -0.448996574, -4.43233645e-08, 0.893533468)
			CFrameMon = CFrame.new(60955.0625, 48.7988472, 1543.7168, -0.831178129, 6.20639318e-09, -0.556006253, 7.20035302e-08, 1, -9.64761853e-08, 0.556006253, -1.20223305e-07, -0.831178129)
			if _G.AutoFarm and (CFrameMon.Position - game.Players.LocalPlayer.Character.HumanoidRootPart.Position).Magnitude > 3000 then
				game:GetService("ReplicatedStorage").Remotes.CommF_:InvokeServer("requestEntrance",Vector3.new(61163.8515625, 11.6796875, 1819.7841796875))
			end
		elseif MyLevel == 400 or MyLevel <= 449 then -- Fishman Commando
			FM = true
			Mon = "Fishman Commando [Lv. 400]"
			NameQuest = "FishmanQuest"
			LevelQuest = 2
			NameMon = "Fishman Commando"
			CFrameQuest = CFrame.new(61122.5625, 18.4716396, 1568.16504, 0.893533468, 3.95251609e-09, 0.448996574, -2.34327455e-08, 1, 3.78297464e-08, -0.448996574, -4.43233645e-08, 0.893533468)
			CFrameMon = CFrame.new(61872.3008, 75.5976562, 1394.83484, -0.922134459, 4.36911973e-09, -0.38686946, -2.54707899e-08, 1, 7.20052e-08, 0.38686946, 7.62523484e-08, -0.922134459)
			if _G.AutoFarm and (CFrameMon.Position - game.Players.LocalPlayer.Character.HumanoidRootPart.Position).Magnitude > 3000 then
				game:GetService("ReplicatedStorage").Remotes.CommF_:InvokeServer("requestEntrance",Vector3.new(61163.8515625, 11.6796875, 1819.7841796875))
			end
		elseif MyLevel == 450 or MyLevel <= 474 then -- God's Guards
			FM = false
			Mon = "God's Guard [Lv. 450]"
			NameQuest = "SkyExp1Quest"
			LevelQuest = 1
			NameMon = "God's Guards"
			CFrameQuest = CFrame.new(-4721.71436, 845.277161, -1954.20105, -0.999277651, -5.56969759e-09, 0.0380011722, -4.14751478e-09, 1, 3.75035256e-08, -0.0380011722, 3.73188307e-08, -0.999277651)
			CFrameMon = CFrame.new(-4719.61719, 853.174927, -1935.9231, 0.871468067, -2.79222032e-08, 0.49045223, 3.73774967e-08, 1, -9.48327372e-09, -0.49045223, 2.6596247e-08, 0.871468067)
			if _G.AutoFarm and (CFrameMon.Position - game.Players.LocalPlayer.Character.HumanoidRootPart.Position).Magnitude > 3000 then
				game:GetService("ReplicatedStorage").Remotes.CommF_:InvokeServer("requestEntrance",Vector3.new(-4607.82275, 872.54248, -1667.55688))
			end
		elseif MyLevel == 475 or MyLevel <= 524 then -- Shandas
			sky = false
			Mon = "Shanda [Lv. 475]"
			NameQuest = "SkyExp1Quest"
			LevelQuest = 2
			NameMon = "Shandas"
			CFrameQuest = CFrame.new(-7863.63672, 5545.49316, -379.826324, 0.362120807, -1.98046344e-08, -0.93213129, 4.05822291e-08, 1, -5.48095125e-09, 0.93213129, -3.58431969e-08, 0.362120807)
			CFrameMon = CFrame.new(-7661.34229, 5548.00732, -506.59787, 0.0389961377, 4.86564531e-08, 0.999239385, -1.10884022e-08, 1, -4.82607554e-08, -0.999239385, -9.1979846e-09, 0.0389961377)
			if _G.AutoFarm and (CFrameMon.Position - game.Players.LocalPlayer.Character.HumanoidRootPart.Position).Magnitude > 3000 then
				game:GetService("ReplicatedStorage").Remotes.CommF_:InvokeServer("requestEntrance",Vector3.new(-7894.6176757813, 5547.1416015625, -380.29119873047))
			end
		elseif MyLevel == 525 or MyLevel <= 549 then -- Royal Squad
			sky = true
			Mon = "Royal Squad [Lv. 525]"
			NameQuest = "SkyExp2Quest"
			LevelQuest = 1
			NameMon = "Royal Squad"
			CFrameQuest = CFrame.new(-7902.66895, 5635.96387, -1411.71802, 0.0504222959, 2.5710392e-08, 0.998727977, 1.12541557e-07, 1, -3.14249675e-08, -0.998727977, 1.13982921e-07, 0.0504222959)
			CFrameMon = CFrame.new(-7646.49707, 5608.40625, -1422.51074, 0.901955545, 9.02816666e-08, 0.431828916, -7.36900176e-08, 1, -5.51527428e-08, -0.431828916, 1.7923842e-08, 0.901955545)
			if _G.AutoFarm and _G.AutoFarmFast == false and (CFrameQuest.Position - game.Players.LocalPlayer.Character.HumanoidRootPart.Position).Magnitude > 1200 then
				Bypass(CFrameQuest)
			end
		elseif MyLevel == 550 or MyLevel <= 624 then -- Royal Soldier
			Dis = 240
			sky = true
			Mon = "Royal Soldier [Lv. 550]"
			NameQuest = "SkyExp2Quest"
			LevelQuest = 2
			NameMon = "Royal Soldier"
			CFrameQuest = CFrame.new(-7902.66895, 5635.96387, -1411.71802, 0.0504222959, 2.5710392e-08, 0.998727977, 1.12541557e-07, 1, -3.14249675e-08, -0.998727977, 1.13982921e-07, 0.0504222959)
			CFrameMon = CFrame.new(-8004.89062, 5645.15723, -1960.63599, 0.805200279, 3.47631635e-09, 0.593002975, -2.96576697e-09, 1, -1.83520144e-09, -0.593002975, -2.8100397e-10, 0.805200279)
			if _G.AutoFarm and _G.AutoFarmFast == false and (CFrameQuest.Position - game.Players.LocalPlayer.Character.HumanoidRootPart.Position).Magnitude > 1200 then
				Bypass(CFrameQuest)
			end
		elseif MyLevel == 625 or MyLevel <= 649 then -- Galley Pirate
			Dis = 240
			sky = false
			Mon = "Galley Pirate [Lv. 625]"
			NameQuest = "FountainQuest"
			LevelQuest = 1
			NameMon = "Galley Pirate"
			CFrameQuest = CFrame.new(5254.60156, 38.5011406, 4049.69678, -0.0504891425, -3.62066501e-08, -0.998724639, -9.87921389e-09, 1, -3.57534553e-08, 0.998724639, 8.06145284e-09, -0.0504891425)
			CFrameMon = CFrame.new(5618.82129, 152.426666, 3994.08472, 0.926358402, 2.57817536e-08, 0.3766433, 1.30540767e-09, 1, -7.16620505e-08, -0.3766433, 6.68764102e-08, 0.926358402)
			if _G.AutoFarm and _G.AutoFarmFast == false and (CFrameQuest.Position - game.Players.LocalPlayer.Character.HumanoidRootPart.Position).Magnitude > 1200 then
				Bypass(CFrameQuest)
			end
		elseif MyLevel >= 650 then -- Galley Captain
			Dis = 240
			Mon = "Galley Captain [Lv. 650]"
			NameQuest = "FountainQuest"
			LevelQuest = 2
			NameMon = "Galley Captain"
			CFrameQuest = CFrame.new(5254.60156, 38.5011406, 4049.69678, -0.0504891425, -3.62066501e-08, -0.998724639, -9.87921389e-09, 1, -3.57534553e-08, 0.998724639, 8.06145284e-09, -0.0504891425)
			CFrameMon = CFrame.new(5804.62451, 54.212822, 4895.91602, -0.889353693, -2.71176837e-09, -0.457219929, 2.99581409e-08, 1, -6.42035687e-08, 0.457219929, -7.07971424e-08, -0.889353693)
			if _G.AutoFarm and _G.AutoFarmFast == false and (CFrameQuest.Position - game.Players.LocalPlayer.Character.HumanoidRootPart.Position).Magnitude > 1200 then
				Bypass(CFrameQuest)
			end
		end
	elseif game.PlaceId == 4442272183 then
		if MyLevel == 700 or MyLevel <= 724 then
			Mon = "Raider [Lv. 700]"
			LevelQuest = 1
			NameQuest = "Area1Quest"
			NameMon = "Raider"
			CFrameQuest = CFrame.new(-429.543518, 71.7699966, 1836.18188, -0.22495985, 0, -0.974368095, 0, 1, 0, 0.974368095, 0, -0.22495985)
			CFrameMon = CFrame.new(-737.026123, 39.1748352, 2392.57959)
			if _G.AutoFarm and _G.AutoFarmFast == false and (CFrameQuest.Position - game.Players.LocalPlayer.Character.HumanoidRootPart.Position).Magnitude > 1200 then
				Bypass(CFrameQuest)
			end
		elseif MyLevel == 725 or MyLevel <= 774 then
			Mon = "Mercenary [Lv. 725]"
			LevelQuest = 2
			NameQuest = "Area1Quest"
			NameMon = "Mercenary"
			CFrameQuest = CFrame.new(-429.543518, 71.7699966, 1836.18188, -0.22495985, 0, -0.974368095, 0, 1, 0, 0.974368095, 0, -0.22495985)
			CFrameMon = CFrame.new(-960.12384, 80.2886276, 1691.82996, 0.920708776, 8.58963034e-09, -0.390250295, -3.26311032e-08, 1, -5.49752599e-08, 0.390250295, 6.33505053e-08, 0.920708776)
			if _G.AutoFarm and _G.AutoFarmFast == false and (CFrameQuest.Position - game.Players.LocalPlayer.Character.HumanoidRootPart.Position).Magnitude > 1200 then
				Bypass(CFrameQuest)
			end
		elseif MyLevel == 775 or MyLevel <= 799 then
			Mon = "Swan Pirate [Lv. 775]"
			LevelQuest = 1
			NameQuest = "Area2Quest"
			NameMon = "Swan Pirate"
			CFrameQuest = CFrame.new(638.43811, 71.769989, 918.282898, 0.139203906, 0, 0.99026376, 0, 1, 0, -0.99026376, 0, 0.139203906)
			CFrameMon = CFrame.new(970.369446, 142.653198, 1217.3667)
			if _G.AutoFarm and _G.AutoFarmFast == false and (CFrameQuest.Position - game.Players.LocalPlayer.Character.HumanoidRootPart.Position).Magnitude > 1200 then
				Bypass(CFrameQuest)
			end
		elseif MyLevel == 800 or MyLevel <= 874 then
			Mon = "Factory Staff [Lv. 800]"
			NameQuest = "Area2Quest"
			LevelQuest = 2
			NameMon = "Factory Staff"
			CFrameQuest = CFrame.new(632.698608, 73.1055908, 918.666321, -0.0319722369, 8.96074881e-10, -0.999488771, 1.36326533e-10, 1, 8.92172336e-10, 0.999488771, -1.07732087e-10, -0.0319722369)
			CFrameMon = CFrame.new(506.323364, 72.9597626, 9.77466297, -0.339674324, -7.69937536e-09, -0.940543115, -3.40559581e-08, 1, 4.11311296e-09, 0.940543115, 3.34282184e-08, -0.339674324)
		elseif MyLevel == 875 or MyLevel <= 899 then
			Mon = "Marine Lieutenant [Lv. 875]"
			LevelQuest = 1
			NameQuest = "MarineQuest3"
			NameMon = "Marine Lieutenant"
			CFrameQuest = CFrame.new(-2440.79639, 71.7140732, -3216.06812, 0.866007268, 0, 0.500031412, 0, 1, 0, -0.500031412, 0, 0.866007268)
			CFrameMon = CFrame.new(-2682.18726, 198.169113, -2991.05737, 0.600202382, 6.21085405e-09, 0.799848199, -5.2549618e-09, 1, -3.82174248e-09, -0.799848199, -1.9093529e-09, 0.600202382)
			if _G.AutoFarm and _G.AutoFarmFast == false and (CFrameQuest.Position - game.Players.LocalPlayer.Character.HumanoidRootPart.Position).Magnitude > 1200 then
				Bypass(CFrameQuest)
			end
		elseif MyLevel == 900 or MyLevel <= 949 then
			Mon = "Marine Captain [Lv. 900]"
			LevelQuest = 2
			NameQuest = "MarineQuest3"
			NameMon = "Marine Captain"
			CFrameQuest = CFrame.new(-2440.79639, 71.7140732, -3216.06812, 0.866007268, 0, 0.500031412, 0, 1, 0, -0.500031412, 0, 0.866007268)
			CFrameMon = CFrame.new(-1860.27209, 197.220596, -3219.6062, 0.816204965, 2.98379241e-08, -0.577762485, -9.47813916e-08, 1, -8.22537274e-08, 0.577762485, 1.21897031e-07, 0.816204965)
			if _G.AutoFarm and _G.AutoFarmFast == false and (CFrameQuest.Position - game.Players.LocalPlayer.Character.HumanoidRootPart.Position).Magnitude > 1200 then
				Bypass(CFrameQuest)
			end
		elseif MyLevel == 950 or MyLevel <= 974 then
			Mon = "Zombie [Lv. 950]"
			LevelQuest = 1
			NameQuest = "ZombieQuest"
			NameMon = "Zombie"
			CFrameQuest = CFrame.new(-5497.06152, 47.5923004, -795.237061, -0.29242146, 0, -0.95628953, 0, 1, 0, 0.95628953, 0, -0.29242146)
			CFrameMon = CFrame.new(-5634.83838, 126.067039, -697.665039)
			if _G.AutoFarm and _G.AutoFarmFast == false and (CFrameQuest.Position - game.Players.LocalPlayer.Character.HumanoidRootPart.Position).Magnitude > 1200 then
				Bypass(CFrameQuest)
			end
		elseif MyLevel == 975 or MyLevel <= 999 then
			Mon = "Vampire [Lv. 975]"
			LevelQuest = 2
			NameQuest = "ZombieQuest"
			NameMon = "Vampire"
			CFrameQuest = CFrame.new(-5497.06152, 47.5923004, -795.237061, -0.29242146, 0, -0.95628953, 0, 1, 0, 0.95628953, 0, -0.29242146)
			CFrameMon = CFrame.new(-6030.32031, 6.4377408, -1313.5564)
			if _G.AutoFarm and _G.AutoFarmFast == false and (CFrameQuest.Position - game.Players.LocalPlayer.Character.HumanoidRootPart.Position).Magnitude > 1200 then
				Bypass(CFrameQuest)
			end
		elseif MyLevel == 1000 or MyLevel <= 1049 then
			Mon = "Snow Trooper [Lv. 1000]"
			LevelQuest = 1
			NameQuest = "SnowMountainQuest"
			NameMon = "Snow Trooper"
			CFrameQuest = CFrame.new(609.858826, 400.119904, -5372.25928, -0.374604106, 0, 0.92718488, 0, 1, 0, -0.92718488, 0, -0.374604106)
			CFrameMon = CFrame.new(535.893433, 401.457062, -5329.6958)
			if _G.AutoFarm and _G.AutoFarmFast == false and (CFrameQuest.Position - game.Players.LocalPlayer.Character.HumanoidRootPart.Position).Magnitude > 1200 then
				Bypass(CFrameQuest)
			end
		elseif MyLevel == 1050 or MyLevel <= 1099 then
			Mon = "Winter Warrior [Lv. 1050]"
			LevelQuest = 2
			NameQuest = "SnowMountainQuest"
			NameMon = "Winter Warrior"
			CFrameQuest = CFrame.new(609.858826, 400.119904, -5372.25928, -0.374604106, 0, 0.92718488, 0, 1, 0, -0.92718488, 0, -0.374604106)
			CFrameMon = CFrame.new(1223.7417, 454.575226, -5170.02148)
			if _G.AutoFarm and _G.AutoFarmFast == false and (CFrameQuest.Position - game.Players.LocalPlayer.Character.HumanoidRootPart.Position).Magnitude > 1200 then
				Bypass(CFrameQuest)
			end
		elseif MyLevel == 1100 or MyLevel <= 1124 then
			Mon = "Lab Subordinate [Lv. 1100]"
			LevelQuest = 1
			NameQuest = "IceSideQuest"
			NameMon = "Lab Subordinate"
			CFrameQuest = CFrame.new(-6064.06885, 15.2422857, -4902.97852, 0.453972578, -0, -0.891015649, 0, 1, -0, 0.891015649, 0, 0.453972578)
			CFrameMon = CFrame.new(-5769.2041, 37.9288292, -4468.38721)
			if _G.AutoFarm and _G.AutoFarmFast == false and (CFrameQuest.Position - game.Players.LocalPlayer.Character.HumanoidRootPart.Position).Magnitude > 1200 then
				Bypass(CFrameQuest)
			end
		elseif MyLevel == 1125 or MyLevel <= 1174 then
			Mon = "Horned Warrior [Lv. 1125]"
			LevelQuest = 2
			NameQuest = "IceSideQuest"
			NameMon = "Horned Warrior"
			CFrameQuest = CFrame.new(-6064.06885, 15.2422857, -4902.97852, 0.453972578, -0, -0.891015649, 0, 1, -0, 0.891015649, 0, 0.453972578)
			CFrameMon = CFrame.new(-6400.85889, 24.7645149, -5818.63574)
			if _G.AutoFarm and _G.AutoFarmFast == false and (CFrameQuest.Position - game.Players.LocalPlayer.Character.HumanoidRootPart.Position).Magnitude > 1200 then
				Bypass(CFrameQuest)
			end
		elseif MyLevel == 1175 or MyLevel <= 1199 then
			Mon = "Magma Ninja [Lv. 1175]"
			LevelQuest = 1
			NameQuest = "FireSideQuest"
			NameMon = "Magma Ninja"
			CFrameQuest = CFrame.new(-5428.03174, 15.0622921, -5299.43457, -0.882952213, 0, 0.469463557, 0, 1, 0, -0.469463557, 0, -0.882952213)
			CFrameMon = CFrame.new(-5496.65576, 58.6890411, -5929.76855)
			if _G.AutoFarm and _G.AutoFarmFast == false and (CFrameQuest.Position - game.Players.LocalPlayer.Character.HumanoidRootPart.Position).Magnitude > 1200 then
				Bypass(CFrameQuest)
			end
		elseif MyLevel == 1200 or MyLevel <= 1249 then
			Mon = "Lava Pirate [Lv. 1200]"
			LevelQuest = 2
			NameQuest = "FireSideQuest"
			NameMon = "Lava Pirate"
			CFrameQuest = CFrame.new(-5428.03174, 15.0622921, -5299.43457, -0.882952213, 0, 0.469463557, 0, 1, 0, -0.469463557, 0, -0.882952213)
			CFrameMon = CFrame.new(-5169.71729, 34.1234779, -4669.73633)
			if _G.AutoFarm and _G.AutoFarmFast == false and (CFrameQuest.Position - game.Players.LocalPlayer.Character.HumanoidRootPart.Position).Magnitude > 1200 then
				Bypass(CFrameQuest)
			end
		elseif MyLevel == 1250 or MyLevel <= 1274 then
			Mon = "Ship Deckhand [Lv. 1250]"
			LevelQuest = 1
			NameQuest = "ShipQuest1"
			NameMon = "Ship Deckhand"
			CFrameQuest = CFrame.new(1037.80127, 125.092171, 32911.6016)         
			CFrameMon = CFrame.new(1181.84875, 130.485107, 33005.4961, -0.946877539, -7.47373434e-08, -0.321594298, -7.391602e-08, 1, -1.47637005e-08, 0.321594298, 9.79155601e-09, -0.946877539)
			if _G.AutoFarm and _G.AutoFarmFast == false and (CFrameQuest.Position - game.Players.LocalPlayer.Character.HumanoidRootPart.Position).Magnitude > 1200 then
				Bypass(CFrameQuest)
			end
		elseif MyLevel == 1275 or MyLevel <= 1299 then
			Mon = "Ship Engineer [Lv. 1275]"
			LevelQuest = 2
			NameQuest = "ShipQuest1"
			NameMon = "Ship Engineer"
			CFrameQuest = CFrame.new(1037.80127, 125.092171, 32911.6016)        
			CFrameMon = CFrame.new(919.250427, 43.544014, 32781.9922, 0.999619186, 4.03968698e-08, -0.0275939237, -3.75240887e-08, 1, 1.04626984e-07, 0.0275939237, -1.03551706e-07, 0.999619186)       
			if _G.AutoFarm and _G.AutoFarmFast == false and (CFrameQuest.Position - game.Players.LocalPlayer.Character.HumanoidRootPart.Position).Magnitude > 1200 then
				Bypass(CFrameQuest)
			end
		elseif MyLevel == 1300 or MyLevel <= 1324 then
			Mon = "Ship Steward [Lv. 1300]"
			LevelQuest = 1
			NameQuest = "ShipQuest2"
			NameMon = "Ship Steward"
			CFrameQuest = CFrame.new(968.80957, 125.092171, 33244.125)         
			CFrameMon = CFrame.new(917.478882, 129.556, 33441.2227, -0.999965012, -1.84493896e-08, -0.00836863648, -1.84426696e-08, 1, -8.80260864e-10, 0.00836863648, -7.2589007e-10, -0.999965012)
			if _G.AutoFarm and _G.AutoFarmFast == false and (CFrameQuest.Position - game.Players.LocalPlayer.Character.HumanoidRootPart.Position).Magnitude > 1200 then
				Bypass(CFrameQuest)
			end
		elseif MyLevel == 1325 or MyLevel <= 1349 then
			Mon = "Ship Officer [Lv. 1325]"
			LevelQuest = 2
			NameQuest = "ShipQuest2"
			NameMon = "Ship Officer"
			CFrameQuest = CFrame.new(968.80957, 125.092171, 33244.125)
			FrameMon = CFrame.new(1201.18286, 181.149124, 33308.0508, 0.0748318806, -7.14178512e-08, -0.997196138, 2.97970733e-08, 1, -6.93826223e-08, 0.997196138, -2.45214959e-08, 0.0748318806)
			if _G.AutoFarm and _G.AutoFarmFast == false and (CFrameQuest.Position - game.Players.LocalPlayer.Character.HumanoidRootPart.Position).Magnitude > 1200 then
				Bypass(CFrameQuest)
			end
		elseif MyLevel == 1350 or MyLevel <= 1374 then
			Mon = "Arctic Warrior [Lv. 1350]"
			LevelQuest = 1
			NameQuest = "FrostQuest"
			NameMon = "Arctic Warrior"
			CFrameQuest = CFrame.new(5667.6582, 26.7997818, -6486.08984, -0.933587909, 0, -0.358349502, 0, 1, 0, 0.358349502, 0, -0.933587909)
			CFrameMon = CFrame.new(5667.6582, 26.7997818, -6486.08984, -0.933587909, 0, -0.358349502, 0, 1, 0, 0.358349502, 0, -0.933587909)
			if _G.AutoFarm and _G.AutoFarmFast == false and (CFrameQuest.Position - game.Players.LocalPlayer.Character.HumanoidRootPart.Position).Magnitude > 1200 then
				Bypass(CFrameQuest)
			end
		elseif MyLevel == 1375 or MyLevel <= 1424 then
			Mon = "Snow Lurker [Lv. 1375]"
			LevelQuest = 2
			NameQuest = "FrostQuest"
			NameMon = "Snow Lurker"
			CFrameQuest = CFrame.new(5667.6582, 26.7997818, -6486.08984, -0.933587909, 0, -0.358349502, 0, 1, 0, 0.358349502, 0, -0.933587909)
			CFrameMon = CFrame.new(5518.00684, 60.5559731, -6828.80518)
			if _G.AutoFarm and _G.AutoFarmFast == false and (CFrameQuest.Position - game.Players.LocalPlayer.Character.HumanoidRootPart.Position).Magnitude > 1200 then
				Bypass(CFrameQuest)
			end
		elseif MyLevel == 1425 or MyLevel <= 1449 then
			Mon = "Sea Soldier [Lv. 1425]"
			LevelQuest = 1
			NameQuest = "ForgottenQuest"
			NameMon = "Sea Soldier"
			CFrameQuest = CFrame.new(-3054.44458, 235.544281, -10142.8193, 0.990270376, -0, -0.13915664, 0, 1, -0, 0.13915664, 0, 0.990270376)
			CFrameMon = CFrame.new(-3366.32958984375, 47.21970748901367, -9704.3505859375)
			if _G.AutoFarm and _G.AutoFarmFast == false and (CFrameQuest.Position - game.Players.LocalPlayer.Character.HumanoidRootPart.Position).Magnitude > 1200 then
				Bypass(CFrameQuest)
			end
		elseif MyLevel >= 1450 then
			Mon = "Water Fighter [Lv. 1450]"
			LevelQuest = 2
			NameQuest = "ForgottenQuest"
			NameMon = "Water Fighter"
			CFrameQuest = CFrame.new(-3054.44458, 235.544281, -10142.8193, 0.990270376, -0, -0.13915664, 0, 1, -0, 0.13915664, 0, 0.990270376)
			CFrameMon = CFrame.new(-3436.7727050781, 290.52191162109, -10503.438476563)
			if _G.AutoFarm and _G.AutoFarmFast == false and (CFrameQuest.Position - game.Players.LocalPlayer.Character.HumanoidRootPart.Position).Magnitude > 1200 then
				Bypass(CFrameQuest)
			end
		end
	elseif game.PlaceId == 7449423635 then
		if MyLevel == 1500 or MyLevel <= 1524 then
			Mon = "Pirate Millionaire [Lv. 1500]"
			LevelQuest = 1
			NameQuest = "PiratePortQuest"
			NameMon = "Pirate Millionaire"
			CFrameQuest = CFrame.new(-290.074677, 42.9034653, 5581.58984, 0.965929627, -0, -0.258804798, 0, 1, -0, 0.258804798, 0, 0.965929627)
			CFrameMon = CFrame.new(-290.674988, 34.7821121, 5417.57666, -0.959131062, 7.87279077e-08, 0.282962203, 6.99472977e-08, 1, -4.11336849e-08, -0.282962203, -1.96601544e-08, -0.959131062)
			if _G.AutoFarm and _G.AutoFarmFast == false and (CFrameQuest.Position - game.Players.LocalPlayer.Character.HumanoidRootPart.Position).Magnitude > 1200 then
				Bypass(CFrameQuest)
			end
		elseif MyLevel == 1525 or MyLevel <= 1574 then
			Mon = "Pistol Billionaire [Lv. 1525]"
			LevelQuest = 2
			NameQuest = "PiratePortQuest"
			NameMon = "Pistol Billionaire"
			CFrameQuest = CFrame.new(-290.074677, 42.9034653, 5581.58984, 0.965929627, -0, -0.258804798, 0, 1, -0, 0.258804798, 0, 0.965929627)
			CFrameMon = CFrame.new(-387.624237, 74.2720413, 5851.84473, -0.990750372, -6.79122536e-08, 0.135697171, -7.2516066e-08, 1, -2.89841076e-08, -0.135697171, -3.85562409e-08, -0.990750372)
			if _G.AutoFarm and _G.AutoFarmFast == false and (CFrameQuest.Position - game.Players.LocalPlayer.Character.HumanoidRootPart.Position).Magnitude > 1200 then
				Bypass(CFrameQuest)
			end
		elseif MyLevel == 1575 or MyLevel <= 1599 then
			Mon = "Dragon Crew Warrior [Lv. 1575]"
			LevelQuest = 1
			NameQuest = "AmazonQuest"
			NameMon = "Dragon Crew Warrior"
			CFrameQuest = CFrame.new(5832.83594, 51.6806107, -1101.51563, 0.898790359, -0, -0.438378751, 0, 1, -0, 0.438378751, 0, 0.898790359)
			CFrameMon = CFrame.new(6241.9951171875, 51.522083282471, -1243.9771728516)
			if _G.AutoFarm and _G.AutoFarmFast == false and (CFrameQuest.Position - game.Players.LocalPlayer.Character.HumanoidRootPart.Position).Magnitude > 1200 then
				Bypass(CFrameQuest)
			end
		elseif MyLevel == 1600 or MyLevel <= 1624 then 
			Mon = "Dragon Crew Archer [Lv. 1600]"
			NameQuest = "AmazonQuest"
			LevelQuest = 2
			NameMon = "Dragon Crew Archer"
			CFrameQuest = CFrame.new(5833.1147460938, 51.60498046875, -1103.0693359375)
			CFrameMon = CFrame.new(6788.97461, 462.341248, 164.233673, -0.711975694, 1.98202414e-08, 0.702204108, -1.45830699e-08, 1, -4.30117559e-08, -0.702204108, -4.08636183e-08, -0.711975694)
			if _G.AutoFarm and _G.AutoFarmFast == false and (CFrameQuest.Position - game.Players.LocalPlayer.Character.HumanoidRootPart.Position).Magnitude > 1200 then
				Bypass(CFrameQuest)
			end
		elseif MyLevel == 1625 or MyLevel <= 1649 then
			Mon = "Female Islander [Lv. 1625]"
			NameQuest = "AmazonQuest2"
			LevelQuest = 1
			NameMon = "Female Islander"
			CFrameQuest = CFrame.new(5446.8793945313, 601.62945556641, 749.45672607422)
			CFrameMon = CFrame.new(5763.98682, 848.118103, 1082.43127, 0.986172736, 2.65753979e-08, 0.165720671, -2.36233451e-08, 1, -1.97844852e-08, -0.165720671, 1.55960436e-08, 0.986172736)
			if _G.AutoFarm and _G.AutoFarmFast == false and (CFrameQuest.Position - game.Players.LocalPlayer.Character.HumanoidRootPart.Position).Magnitude > 1200 then
				Bypass(CFrameQuest)
			end
		elseif MyLevel == 1650 or MyLevel <= 1699 then 
			Mon = "Giant Islander [Lv. 1650]"
			NameQuest = "AmazonQuest2"
			LevelQuest = 2
			NameMon = "Giant Islander"
			CFrameQuest = CFrame.new(5446.8793945313, 601.62945556641, 749.45672607422)
			CFrameMon = CFrame.new(4784.24561, 708.376465, 466.297485, 0.99801594, 3.11927195e-09, 0.0629619658, -5.34848299e-09, 1, 3.52371394e-08, -0.0629619658, -3.55039766e-08, 0.99801594)
			if _G.AutoFarm and _G.AutoFarmFast == false and (CFrameQuest.Position - game.Players.LocalPlayer.Character.HumanoidRootPart.Position).Magnitude > 1200 then
				Bypass(CFrameQuest)
			end
		elseif MyLevel == 1700 or MyLevel <= 1724 then
			Mon = "Marine Commodore [Lv. 1700]"
			LevelQuest = 1
			NameQuest = "MarineTreeIsland"
			NameMon = "Marine Commodore"
			CFrameQuest = CFrame.new(2180.54126, 27.8156815, -6741.5498, -0.965929747, 0, 0.258804798, 0, 1, 0, -0.258804798, 0, -0.965929747)
			PosMon = Vector3.new(2490.0844726563, 190.4232635498, -7160.0502929688)
			if _G.AutoFarm and _G.AutoFarmFast == false and (CFrameQuest.Position - game.Players.LocalPlayer.Character.HumanoidRootPart.Position).Magnitude > 1200 then
				Bypass(CFrameQuest)
			end
		elseif MyLevel == 1725 or MyLevel <= 1774 then
			Mon = "Marine Rear Admiral [Lv. 1725]"
			NameMon = "Marine Rear Admiral"
			NameQuest = "MarineTreeIsland"
			LevelQuest = 2
			CFrameQuest = CFrame.new(2179.98828125, 28.731239318848, -6740.0551757813)
			CFrameMon = CFrame.new(3951.3903808594, 229.11549377441, -6912.81640625)
			if _G.AutoFarm and _G.AutoFarmFast == false and (CFrameQuest.Position - game.Players.LocalPlayer.Character.HumanoidRootPart.Position).Magnitude > 1200 then
				Bypass(CFrameQuest)
			end
		elseif MyLevel == 1775 or MyLevel <= 1799 then
			Mon = "Fishman Raider [Lv. 1775]"
			LevelQuest = 1
			NameQuest = "DeepForestIsland3"
			NameMon = "Fishman Raider"
			CFrameQuest = CFrame.new(-10581.6563, 330.872955, -8761.18652, -0.882952213, 0, 0.469463557, 0, 1, 0, -0.469463557, 0, -0.882952213)   
			CFrameMon = CFrame.new(-10322.400390625, 390.94473266602, -8580.0908203125)
			if _G.AutoFarm and _G.AutoFarmFast == false and (CFrameQuest.Position - game.Players.LocalPlayer.Character.HumanoidRootPart.Position).Magnitude > 1200 then
				Bypass(CFrameQuest)
			end
		elseif MyLevel == 1800 or MyLevel <= 1824 then
			Mon = "Fishman Captain [Lv. 1800]"
			LevelQuest = 2
			NameQuest = "DeepForestIsland3"
			NameMon = "Fishman Captain"
			CFrameQuest = CFrame.new(-10581.6563, 330.872955, -8761.18652, -0.882952213, 0, 0.469463557, 0, 1, 0, -0.469463557, 0, -0.882952213)   
			CFrameMon = CFrame.new(-11194.541992188, 442.02795410156, -8608.806640625)
			if _G.AutoFarm and _G.AutoFarmFast == false and (CFrameQuest.Position - game.Players.LocalPlayer.Character.HumanoidRootPart.Position).Magnitude > 1200 then
				Bypass(CFrameQuest)
			end
		elseif MyLevel == 1825 or MyLevel <= 1849 then
			Mon = "Forest Pirate [Lv. 1825]"
			LevelQuest = 1
			NameQuest = "DeepForestIsland"
			NameMon = "Forest Pirate"
			CFrameQuest = CFrame.new(-13234.04, 331.488495, -7625.40137, 0.707134247, -0, -0.707079291, 0, 1, -0, 0.707079291, 0, 0.707134247)
			CFrameMon = CFrame.new(-13225.809570313, 428.19387817383, -7753.1245117188)
			if _G.AutoFarm and _G.AutoFarmFast == false and (CFrameQuest.Position - game.Players.LocalPlayer.Character.HumanoidRootPart.Position).Magnitude > 1200 then
				Bypass(CFrameQuest)
			end
		elseif MyLevel == 1850 or MyLevel <= 1899 then
			Mon = "Mythological Pirate [Lv. 1850]"
			LevelQuest = 2
			NameQuest = "DeepForestIsland"
			NameMon = "Mythological Pirate"
			CFrameQuest = CFrame.new(-13234.04, 331.488495, -7625.40137, 0.707134247, -0, -0.707079291, 0, 1, -0, 0.707079291, 0, 0.707134247)   
			CFrameMon = CFrame.new(-13869.172851563, 564.95251464844, -7084.4135742188)
			if _G.AutoFarm and _G.AutoFarmFast == false and (CFrameQuest.Position - game.Players.LocalPlayer.Character.HumanoidRootPart.Position).Magnitude > 1200 then
				Bypass(CFrameQuest)
			end
		elseif MyLevel == 1900 or MyLevel <= 1924 then
			Mon = "Jungle Pirate [Lv. 1900]"
			LevelQuest = 1
			NameQuest = "DeepForestIsland2"
			NameMon = "Jungle Pirate"
			CFrameQuest = CFrame.new(-12680.3818, 389.971039, -9902.01953, -0.0871315002, 0, 0.996196866, 0, 1, 0, -0.996196866, 0, -0.0871315002)
			FrameMon = CFrame.new(-11982.221679688, 376.32522583008, -10451.415039063)
			if _G.AutoFarm and _G.AutoFarmFast == false and (CFrameQuest.Position - game.Players.LocalPlayer.Character.HumanoidRootPart.Position).Magnitude > 1200 then
				Bypass(CFrameQuest)
			end
